1	2	1	2	19-10-2023     	14:00	25,00
2	2	1	2	19-10-2023     	15:00	25,50
3	3	0	3	19-10-2023     	16:00	125,75
4	1	1	1	31-12-2023     	12:00	15,45
5	2	1	7	20-10-2023     	13:30	15,21
6	1	1	9	19-02-2023	9:30	30,00
7	3	0	9	15-06-2023     	15:00	126,54
8	2	1	1	16-10-2023     	12:00	14,50
9	2	0	4	14-11-2023     	11:00	24,45
10	3	0	2	29-01-2023	9:00	78,99
11	1	1	1	12-10-2022	16:30	15,75
12	3	0	1	14-02-2024	14:30	20,00
13	3	0	5	14-02-2024	14:40	20,00
14	2	0	6	24-02-2023	14:30	20,00
15	1	0	1	24-02-2024	15:00	20,00
16	3	0	20	12-10-2024	16:00	165,45
17	1	0	15	12-03-2023	14:30	16,50
18	1	1	20	06-05-2024	9:30	18,65
19	3	0	18	26-06-2024	14:00	75,52
20	1	1	14	12-08-2024	11:00	19,99
21	1	1	13	01-01-2025	16:00	13,48
22	3	0	12	09-09-2024	16:00	64,50
